Plucker('points', [2 3 7], [2 1 0])
 
ans = 
{ -7  14  -4; 0  2  7 }

L.origin_distance

ans =

    2.2191

261/53

ans =

    4.9245

sqrt(ans)

ans =

    2.2191
    
    L.origin_closest

ans =

    2.0000
    0.9245
   -0.2642
    
    L = Plucker('UQ', [2 1 0], [2 1 0])
 
L = 
{ 0  0  0; 2  1  0 }

L.origin_distance

ans =

     0
     
     L.origin_closest

ans =

     0
     0
     0