chap
%% RVC2 chapter 2

%% 3d rotation
rotm2d(0.2)

ans =

    0.9801   -0.1987
    0.1987    0.9801


det(R)

ans =

    1.0000

det(R*R)

ans =

    1.0000

syms theta
R = rotm2d(theta)
 
R =
 
[ cos(theta), -sin(theta)]
[ sin(theta),  cos(theta)]
 
simplify(R*R)
 
ans =
 
[ cos(2*theta), -sin(2*theta)]
[ sin(2*theta),  cos(2*theta)]
 

%% 2d matrix expon
R = rotm2d(0.3)

R =

    0.9553   -0.2955
    0.2955    0.9553

S = logm(R)

S =

         0   -0.3000
    0.3000         0


skew(2)

ans =

     0    -2
     2     0

vex(ans)

ans =

     2


vex(S)

ans =

    0.3000

expm(S)

ans =

    0.9553   -0.2955
    0.2955    0.9553


R = rotm2d(0.3);
R = expm(  skew(0.3)  );

%% 2D pose
T1 = transl2(1, 2) * trot2(30, 'deg')

T1 =

    0.8660   -0.5000    1.0000
    0.5000    0.8660    2.0000
         0         0    1.0000

plotvol([0 5 0 5]);
trplot2(T1, 'frame', '1', 'color', 'b')
T2 = transl2(2, 1)

T2 =

     1     0     2
     0     1     1
     0     0     1

trplot2(T2, 'frame', '2', 'color', 'r');
T3 = T1*T2

T3 =

    0.8660   -0.5000    2.2321
    0.5000    0.8660    3.8660
         0         0    1.0000

trplot2(T3, 'frame', '3', 'color', 'g');
T4 = T2*T1;
trplot2(T4, 'frame', '4', 'color', 'c');
P = [3 ; 2 ];
%plot_point(P, 'label', 'P', 'solid', 'ko');
P1 = inv(T1) * [P; 1]

P1 =

    1.7321
   -1.0000
    1.0000

h2e( inv(T1) * e2h(P) )

ans =

    1.7321
   -1.0000


%% 2D centres of rotation
plotvol([-5 4 -1 4.5]);
T0 = eye(3,3);
trplot2(T0, 'frame', '0');
X = transl2(2, 3);
trplot2(X, 'frame', 'X');
R = trot2(2);
trplot2(R*X, 'framelabel', 'RX', 'color', 'r');
trplot2(X*R, 'framelabel', 'XR', 'color', 'r');
C = [1 2]';
RC = transl2(C) * R * transl2(-C)

RC =

   -0.4161   -0.9093    3.2347
    0.9093   -0.4161    1.9230
         0         0    1.0000

trplot2(RC*X, 'framelabel', 'XC', 'color', 'r');

%% 2D twists
tw = Twist('R', C)
 
tw = 
( 2  -1; 1 )
tw.T(2)

ans =

   -0.4161   -0.9093    3.2347
    0.9093   -0.4161    1.9230
         0         0    1.0000

tw.point'

ans =

     1     2


tw = Twist('T', [1 1])
 
tw = 
( 0.70711  0.70711; 0 )
tw.T(sqrt(2))

ans =

     1     0     1
     0     1     1
     0     0     1

T = transl2(2, 3) * trot2(0.5)

T =

    0.8776   -0.4794    2.0000
    0.4794    0.8776    3.0000
         0         0    1.0000

Twist(T)
 
ans = 
( 2.7082  2.4372; 0.5 )
ans.T

ans =

    0.8776   -0.4794    2.0000
    0.4794    0.8776    3.0000
         0         0    1.0000


%% 3D rotation
R = rotmx(pi/2)

R =

    1.0000         0         0
         0    0.0000   -1.0000
         0    1.0000    0.0000

tformplot(R)
tranimate(R)
Error while evaluating TimerFcn for timer 'timer-1' 

Invalid value for Matrix property


tranimate(R, '3d')
Error while evaluating TimerFcn for timer 'timer-1' 

Invalid value for Matrix property


R = rotmx(pi/2) * rotmy(pi/2)

R =

    0.0000         0    1.0000
    1.0000    0.0000   -0.0000
   -0.0000    1.0000    0.0000

rotmy(pi/2)*rotmx(pi/2)

ans =

    0.0000    1.0000    0.0000
         0    0.0000   -1.0000
   -1.0000    0.0000    0.0000


%% 3D matrix expon

R = rotmx(0.3) 

R =

    1.0000         0         0
         0    0.9553   -0.2955
         0    0.2955    0.9553

S = logm(R) 

S =

         0         0         0
         0         0   -0.3000
         0    0.3000         0

vex(S)'

ans =

    0.3000         0         0

[th,w] = trlog(R)

th =

    0.3000


w =

    1.0000
         0
         0


skew([1 2 3])

ans =

     0    -3     2
     3     0    -1
    -2     1     0

vex(ans)'

ans =

     1     2     3


expm(S)

ans =

    1.0000         0         0
         0    0.9553   -0.2955
         0    0.2955    0.9553

R = rotmx(0.3);
R = expm( skew([1 0 0]) * 0.3 );

%% Euler
R = rotmz(0.1) * rotmy(0.2) * rotmz(0.3);
R = eul2r(0.1, 0.2, 0.3)

R =

    0.9021   -0.3836    0.1977
    0.3875    0.9216    0.0198
   -0.1898    0.0587    0.9801

gamma = tr2eul(R)

gamma =

    0.1000    0.2000    0.3000

R = eul2r(0.1 , -0.2, 0.3)

R =

    0.9021   -0.3836   -0.1977
    0.3875    0.9216   -0.0198
    0.1898   -0.0587    0.9801

tr2eul(R)

ans =

   -3.0416    0.2000   -2.8416

eul2r(ans)

ans =

    0.9021   -0.3836   -0.1977
    0.3875    0.9216   -0.0198
    0.1898   -0.0587    0.9801

R = eul2r(0.1 , 0, 0.3)

R =

    0.9211   -0.3894         0
    0.3894    0.9211         0
         0         0    1.0000

tr2eul(R)

ans =

         0         0    0.4000


%% RPY angles
R = rpy2r(0.1, 0.2, 0.3)

R =

    0.9363   -0.2751    0.2184
    0.2896    0.9564   -0.0370
   -0.1987    0.0978    0.9752

gamma = tr2rpy(R)

gamma =

    0.1000    0.2000    0.3000


%tripleangle

%% 2 vector
a = [1 0 0]';
o = [0 1 0]';
oa2r(o, a)

ans =

     0     0     1
     0     1     0
    -1     0     0


% angle vector
R = rpy2r(0.1 , 0.2, 0.3);
[theta, v] = tr2angvec(R)

theta =

    0.3655


v =

    0.1886    0.5834    0.7900


[x,e] = eig(R)

x =

  -0.6944 + 0.0000i  -0.6944 + 0.0000i   0.1886 + 0.0000i
   0.0792 + 0.5688i   0.0792 - 0.5688i   0.5834 + 0.0000i
   0.1073 - 0.4200i   0.1073 + 0.4200i   0.7900 + 0.0000i


e =

   0.9339 + 0.3574i   0.0000 + 0.0000i   0.0000 + 0.0000i
   0.0000 + 0.0000i   0.9339 - 0.3574i   0.0000 + 0.0000i
   0.0000 + 0.0000i   0.0000 + 0.0000i   1.0000 + 0.0000i

theta = angle(e(2,2))

theta =

   -0.3655


R = angvec2r(pi/2, [1 0 0])

R =

    1.0000         0         0
         0    0.0000   -1.0000
         0    1.0000    0.0000


% quaternions
q = UnitQuaternion( rpy2tr(0.1, 0.2, 0.3)  )
 
q = 
 
0.98335 < 0.034271, 0.10602, 0.14357 >
 
q = q * q;
inv(q)
 
ans = 
 
0.93394 < -0.0674, -0.20851, -0.28236 >
 
q*inv(q)
 
ans = 
 
1 < 0, 0, 0 >
 
q/q
 
ans = 
 
1 < 0, 0, 0 >
 
q.R

ans =

    0.7536   -0.4993    0.4275
    0.5555    0.8315   -0.0081
   -0.3514    0.2436    0.9040

q*[1 0 0]'

ans =

    0.7536
    0.5555
   -0.3514


%% hom xform
T = transl(1, 0, 0) * trotx(pi/2) * transl(0, 1, 0)

T =

    1.0000         0         0    1.0000
         0    0.0000   -1.0000    0.0000
         0    1.0000    0.0000    1.0000
         0         0         0    1.0000

tformplot(T)
t2r(T)

ans =

    1.0000         0         0
         0    0.0000   -1.0000
         0    1.0000    0.0000

transl(T)'

ans =

    1.0000    0.0000    1.0000


%% twists in 3d
tw = Twist('R', [1 0 0], [0 0 0])
 
tw = 
( -0  -0  -0; 1  0  0 )
tw.T(0.3)

ans =

    1.0000         0         0         0
         0    0.9553   -0.2955         0
         0    0.2955    0.9553         0
         0         0         0    1.0000

tw = Twist('T', [0 1 0])
 
tw = 
( 0  1  0; 0  0  0 )
tw.T(2)

ans =

     1     0     0     0
     0     1     0     2
     0     0     1     0
     0     0     0     1

X = transl(3, 4, -4);
angles = [0:0.3:15];
tw = Twist('R', [0 0 1], [2 3 2], 0.5);
tranimate( @(theta) tw.T(theta) * X, angles, ...
     'length', 0.5, 'retain', 'rgb', 'notext');
T = transl(1, 2, 3) * eul2tr(0.3, 0.4, 0.5);
Twist(T)
 
ans = 
( 1.1204  1.6446  3.1778; 0.041006  0.4087  0.78907 )
tw.pitch

ans =

    0.5000

tw.point'

ans =

     2     3     0


%% normalization
R = eye(3,3);
det(R) - 1

ans =

     0

for i=1:100
       R = R * rpy2r(0.2, 0.3, 0.4);
end
       R = R * rpy2r(0.2, 0.3, 0.4);

det(R) - 1

ans =

   4.4409e-15


R = tformnorm(R);
det(R) - 1

ans =

  -2.2204e-16


q = q.unit();
q2 = q;  % ADDITION
q = q .* q2;

%% more twists
tw = Twist('R', [1 0 0], [0 0 0])
 
tw = 
( -0  -0  -0; 1  0  0 )
tw.s

ans =

     0
     0
     0
     1
     0
     0

tw.v'

ans =

     0     0     0

tw.w'

ans =

     1     0     0

tw.S 

ans =

     0     0     0     0
     0     0    -1     0
     0     1     0     0
     0     0     0     0

tw.T(0.3)

ans =

    1.0000         0         0         0
         0    0.9553   -0.2955         0
         0    0.2955    0.9553         0
         0         0         0    1.0000

tw.line
 
ans = 
{ 0  0  0; 1  0  0 }
t2 = tw * tw
 
t2 = 
( 0  0  0; 2  0  0 )

%% using the toolboxes
T1 = SE2(1, 2, 30, 'deg')
 

